

 Grid file: tadv.grd                                                            
 GRID IDENTIFIER: 
    TIME1             TIME2         LEVL1 LEVL2   VCORD PARM
961108/1100                             0          NONE MUL3600ADVT 
 AREA: WV                                                  GRID SIZE:    71   26
 COLUMNS:    40   59     ROWS:     8   21

 Scale factor: 10** 0


 COLUMN:     40       41       42       43       44       45       46       47
             48       49       50       51       52       53       54       55
             56       57       58       59
 ROW 21      0.19     0.26     0.04     0.04     0.00    -0.02     0.05     0.12
            -0.60    -0.15     0.13     0.02    -0.33    -0.80    -1.27    -0.40
             0.16     0.26    -0.66    -0.38
 ROW 20      0.29     0.48     0.00     0.00    -0.01     0.01     0.05     0.16
            -0.14     0.04    -0.02    -0.26    -0.39    -0.62    -1.22    -0.16
             0.60     0.99     2.03     1.52
 ROW 19      0.45     0.35    -0.03     0.00     0.00     0.05     0.18    -0.29
            -0.20    -0.08    -0.16    -0.20    -0.28    -0.92    -0.74     0.11
             0.15     0.53     1.06     0.75
 ROW 18      0.27     0.33     0.04     0.02     0.09     0.19     0.03    -0.33
            -0.10    -0.02    -0.06     0.23     0.46    -1.11    -0.60     0.12
            -0.36    -0.51    -0.33    -0.10
 ROW 17      0.21     0.44     0.01     0.10     0.10    -0.13    -0.37    -0.20
            -0.03    -0.12    -0.48    -0.22     0.45     0.50     0.27     0.05
             0.07    -0.11    -0.19 -9999.00
 ROW 16      0.44     0.39     0.02    -0.26    -0.22    -0.27    -0.33    -0.24
            -0.21    -0.30    -0.80    -0.26     0.23     0.82     0.22     0.01
             0.03     0.16 -9999.00 -9999.00
 ROW 15      0.10     0.15    -0.01     0.00    -0.27    -0.40    -0.24    -0.14
            -0.13    -0.54    -0.08     0.46     1.11     0.57     0.17     0.01
            -0.04 -9999.00 -9999.00 -9999.00
 ROW 14     -0.04     0.02    -0.03    -0.01     0.18    -0.35    -0.09    -0.04
            -0.27    -0.64    -0.48     1.48     0.86     0.27     0.23     0.50
             0.60 -9999.00 -9999.00 -9999.00
 ROW 13      0.11     0.10     0.01     0.04    -0.02    -0.67    -0.30    -0.44
            -0.73    -1.04    -1.23     0.85     0.48     0.13     0.24     0.72
         -9999.00 -9999.00 -9999.00 -9999.00
 ROW 12      0.25     0.30     0.13    -0.15    -0.46    -0.25     3.22    -0.99
            -0.52     0.09     0.80     0.36     0.22     0.14     0.17     0.44
         -9999.00 -9999.00 -9999.00 -9999.00
 ROW 11      0.07     0.16     0.09    -0.51    -0.76    -0.95    -0.66    -1.25
            -0.09     1.20     0.89     0.41     0.20     0.14 -9999.00 -9999.00
         -9999.00 -9999.00 -9999.00 -9999.00
 ROW 10     -0.02     0.00    -0.08    -0.45    -0.76    -0.91    -0.66    -0.73
            -0.87     0.07     0.19     0.21     0.17 -9999.00 -9999.00 -9999.00
         -9999.00 -9999.00 -9999.00 -9999.00
 ROW  9      0.02     0.00    -0.10    -0.62    -1.16    -0.90    -0.50    -0.47
            -0.33    -0.10    -0.10    -0.09 -9999.00 -9999.00 -9999.00 -9999.00
         -9999.00 -9999.00 -9999.00 -9999.00
 ROW  8      0.04     0.22    -0.43    -0.98    -1.37    -0.78    -0.43    -0.48
             0.02     0.06     0.00    -0.12 -9999.00 -9999.00 -9999.00 -9999.00
         -9999.00 -9999.00 -9999.00 -9999.00
